0.00680104
0.00908226
0.012558
0.0107364
0.00963603
0.011627
0.00869629
0.0117655
0.00905213
0.00979552
0.0129377
0.0178457
0.0093501
0.0130564
0.00905145
0.0108341
0.0139082
0.0115967
0.0110375
0.0157212
0.00799647
0.00678955
0.0160625
0.0119258
0.010562
0.00855927
0.0120003
0.0125937
0.0092111
0.0176172
0.0162626
0.0124932
0.0158819
0.0115319
0.00830905
0.0132527
0.0162386
0.0123334
0.010975
0.0253607
0.0132462
0.0110123
0.00697359
0.0134421
0.00988969
0.0220243
0.0126166
0.00756553
0.00554027
0.018048
0.0130552
0.0221689
0.0146354
0.0214974
0.0237516
0.0243951
0.0280333
0.0248106
0.0246512
0.0181927
0.0208418
0.0274719
0.00733009
0.0285714
0.0128832
0.0194777
0.0218791
0.0298473
0.0238851
0.0230131
0.0208422
0.0109694
0.0252572
0.0109503
0.0230697
0.0127698
0.00547585
0.0228094
