------------------------------------
------------------------------------
off
cahce=3 

------------------------------------
Availability

Degree
1.28 0.713667
2.56 0.552
3.85 0.521
5.13 0.519667
6.41 0.504667
7.69 0.508333
8.97 0.507333

Betweenness
1.28 0.752667
2.56 0.674333
3.85 0.683333
5.13 0.68
6.41 0.671667
7.69 0.663
8.97 0.645

RAFR
1.28 0.831
2.56 0.836333
3.85 0.836
5.13 0.84
6.41 0.830333
7.69 0.827667
8.97 0.821667


------------------------------------
Average delay

Degree
1.28 4505.31
2.56 6803.58
3.85 5968.44
5.13 6306.86
6.41 6255.51
7.69 6050.81
8.97 7343.15

Betweenness
1.28 9452.91
2.56 17250.9
3.85 17233.2
5.13 16432.4
6.41 17481.8
7.69 17619.8
8.97 18645.8

RAFR
1.28 7197.04
2.56 7655.81
3.85 7751.87
5.13 7165.32
6.41 7003.16
7.69 6891.81
8.97 7907.32


------------------------------------
Delivery rate

Degree
1.28 0.843
2.56 0.829
3.85 0.715
5.13 0.717
6.41 0.714
7.69 0.669
8.97 0.676

Betweenness
1.28 0.706
2.56 0.823
3.85 0.805
5.13 0.785
6.41 0.789
7.69 0.762
8.97 0.758

RAFR
1.28 0.915
2.56 0.902
3.85 0.884
5.13 0.872
6.41 0.862
7.69 0.832
8.97 0.839



------------------------------------
------------------------------------
cache 
off=5


------------------------------------
Availability

Degree
1.28 0.497
2.56 0.5005
3.85 0.501667
5.13 0.5325
6.41 0.5402
7.69 0.5345
8.97 0.551714

Betweenness
1.28 0.497
2.56 0.743
3.85 0.665
5.13 0.6965
6.41 0.6564
7.69 0.714667
8.97 0.76

RAFR
1.28 0.497
2.56 0.745
3.85 0.827333
5.13 0.8765
6.41 0.8958
7.69 0.911667
8.97 0.933286


------------------------------------
Average delay

Degree
1.28 6307.89
2.56 6926.39
3.85 6866.47
5.13 5863.59
6.41 7280.02
7.69 8562.41
8.97 8323.21

Betweenness
1.28 6307.89
2.56 25412.4
3.85 18424.4
5.13 12204.3
6.41 10793.1
7.69 12526.6
8.97 12069.8

RAFR
1.28 6307.89
2.56 11208.5
3.85 7649
5.13 6056.32
6.41 5496.24
7.69 6592
8.97 6344.56


------------------------------------
Delivery rate

Degree
1.28 0.381
2.56 0.585
3.85 0.753
5.13 0.82
6.41 0.837
7.69 0.875
8.97 0.898

Betweenness
1.28 0.381
2.56 0.86
3.85 0.833
5.13 0.761
6.41 0.834
7.69 0.888
8.97 0.908

RAFR
1.28 0.381
2.56 0.921
3.85 0.919
5.13 0.908
6.41 0.893
7.69 0.918
8.97 0.921








------------------------------------
------------------------------------
candidate
cache=3, off=5

------------------------------------
Availability

Degree
20 0.530667
30 0.530667
40 0.530667
50 0.530667
60 0.530667
70 0.530667
80 0.530667

Betweenness
20 0.683667
30 0.683667
40 0.683667
50 0.683667
60 0.683667
70 0.683667
80 0.683667

RAFR
20 0.737333
30 0.731667
40 0.836333
50 0.836333
60 0.836333
70 0.836333
80 0.836333


------------------------------------
Average delay

Degree
20 5317.45
30 5317.45
40 5317.45
50 5317.45
60 5317.45
70 5317.45
80 5317.45


Betweenness
20 17108
30 17108
40 17108
50 17108
60 17108
70 17108
80 17108

RAFR
20 8633.02
30 10128.1
40 9444.47
50 6262.77
60 6262.77
70 11063.8
80 11063.8

------------------------------------
Delivery rate

Degree
20 0.708
30 0.708
40 0.708
50 0.708
60 0.708
70 0.708
80 0.708

Betweenness
20 0.789
30 0.789
40 0.789
50 0.789
60 0.789
70 0.789
80 0.789

RAFR
20 0.791
30 0.861
40 0.86
50 0.866
60 0.866
70 0.866
80 0.866













------------------------------------
------------------------------------
cache=3, off=5, candidate=n/2
alpha


------------------------------------
Availability


Degree
0.1 0.835
0.2 0.785667
0.3 0.71
0.4 0.622
0.5 0.530667
0.6 0.424667
0.7 0.327
0.8 0.228667
0.9 0.125667
1.0 0.0356667




Betweenness
0.1 0.851333
0.2 0.816
0.3 0.790333
0.4 0.741
0.5 0.683667
0.6 0.603
0.7 0.546
0.8 0.478333
0.9 0.408333
1.0 0.345333




RAFR
0.1 0.901333
0.2 0.902
0.3 0.892
0.4 0.869
0.5 0.836333
0.6 0.795667
0.7 0.764333
0.8 0.728333
0.9 0.699333
1.0 0.666667



------------------------------------
Average delay

Degree
0.1 5329.41
0.2 6140.17
0.3 5371.04
0.4 5995.17
0.5 5317.45
0.6 6979.3
0.7 6148.02
0.8 6246.39
0.9 7140.55
1.0 9847.9




Betweenness
0.1 9236.14
0.2 11558.7
0.3 11466.7
0.4 14216.8
0.5 17108
0.6 21236.1
0.7 24279.4
0.8 27782.7
0.9 33390.2
1.0 38004.5





RAFR
0.1 7093.74
0.2 8409.05
0.3 7256.42
0.4 6970.95
0.5 6262.77
0.6 7649.37
0.7 7296.13
0.8 7017.54
0.9 7189.75
1.0 7459.05





------------------------------------
Delivery rate

Degree
0.1 0.805
0.2 0.805
0.3 0.788
0.4 0.757
0.5 0.708
0.6 0.629
0.7 0.553
0.8 0.446
0.9 0.248
1.0 0.072




Betweenness
0.1 0.657
0.2 0.69
0.3 0.744
0.4 0.764
0.5 0.789
0.6 0.8
0.7 0.842
0.8 0.828
0.9 0.782
1.0 0.798





RAFR
0.1 0.847
0.2 0.867
0.3 0.864
0.4 0.862
0.5 0.866
0.6 0.866
0.7 0.885
0.8 0.88
0.9 0.847
1.0 0.857





